/// @description Insert description here
// You can write your code in this editor

xrate = 0.20000000000000001
yrate = 0.20000000000000001
fade = 0.10000000000000001